operations: 733 
614 722 934 885 879 951 280 611 659 521 520 313 651 237 559 630 684 296 642 364 803 309 550 952 489 139 846 176 482 933 976 724 158 801 888 169 793 763 425 720 240 368 193 481 733 461 10 319 91 981 935 896 640 728 110 522 606 769 423 832 655 557 686 72 710 278 421 581 483 224 546 828 102 138 348 586 66 134 561 480 634 111 746 897 413 45 953 970 497 761 582 824 345 676 956 795 268 274 267 841 

operations: 747 
319 113 612 299 239 896 198 208 389 902 871 53 566 411 808 879 587 711 549 336 61 226 174 321 428 42 892 906 209 20 304 533 210 971 793 714 761 520 645 473 883 930 728 446 715 268 651 101 23 568 157 756 876 629 109 441 675 151 362 956 633 550 495 813 445 350 218 155 922 291 628 576 504 667 115 381 530 997 59 780 443 544 179 991 730 159 294 233 17 702 34 685 732 170 516 214 790 920 432 688 

operations: 761 
556 386 70 383 815 513 231 562 883 751 804 447 242 649 778 543 559 932 743 436 263 927 422 328 302 908 899 396 433 334 171 374 466 992 293 325 701 430 958 762 224 852 599 88 840 323 588 276 696 725 284 873 777 261 583 764 294 693 826 800 131 482 836 248 553 922 650 344 506 203 601 871 12 600 582 478 401 251 793 731 636 587 630 257 435 296 724 407 900 605 921 959 597 416 473 755 114 408 765 821 

operations: 720 
50 397 867 648 750 705 506 976 402 143 294 240 992 113 287 165 548 556 589 256 592 329 245 720 541 533 237 452 604 948 471 194 904 632 883 182 301 892 810 173 873 278 434 465 601 425 967 718 388 309 144 316 123 982 629 957 413 503 328 420 351 101 662 198 622 950 205 357 835 197 897 816 859 479 552 90 952 833 723 631 521 980 362 199 406 735 968 54 320 259 743 186 787 356 308 545 104 327 623 460 

operations: 746 
219 35 140 804 401 414 245 399 886 658 842 425 175 741 471 976 128 370 203 814 517 195 453 406 272 932 923 957 187 226 771 951 286 351 478 687 576 469 184 703 204 344 672 454 849 392 235 864 482 871 731 449 759 395 129 733 18 636 577 196 629 13 791 165 779 337 609 892 144 815 274 371 506 851 450 544 952 131 239 571 610 348 94 931 112 695 876 105 242 291 742 233 108 760 372 298 751 749 186 984 

operations: 743 
714 192 125 170 686 299 915 197 103 479 429 528 217 559 11 58 450 914 233 775 872 988 139 869 711 326 863 303 336 356 874 144 278 126 451 803 260 729 120 316 870 428 440 162 191 741 593 345 933 98 610 493 247 137 49 604 388 679 315 927 89 155 203 252 166 83 529 481 153 109 520 552 268 104 398 710 182 722 882 469 632 769 549 534 208 73 301 457 158 773 369 327 249 541 536 76 843 982 263 317 

operations: 821 
617 294 734 521 134 87 571 259 698 24 476 976 183 301 422 304 886 252 162 475 787 843 320 281 297 644 856 784 899 146 264 760 375 512 892 680 812 839 725 651 560 442 588 769 170 720 448 618 312 703 482 14 399 221 938 387 638 590 708 776 968 338 194 935 616 209 579 494 139 539 29 394 463 552 443 622 389 272 828 633 173 602 418 919 855 792 218 834 298 702 813 390 875 740 659 23 533 561 207 491 

operations: 726 
49 505 789 145 123 469 641 723 271 400 217 714 411 426 451 365 234 452 838 601 649 344 306 912 455 518 350 417 175 991 181 859 173 338 520 249 770 367 538 940 631 263 54 691 843 783 491 557 657 207 247 528 745 934 727 858 664 996 240 211 746 777 446 997 720 84 860 504 821 655 107 825 570 510 977 679 297 937 630 444 197 442 548 244 188 292 121 909 651 941 315 419 191 704 804 393 318 565 769 638 

operations: 764 
701 958 321 316 96 614 170 322 574 23 884 453 267 350 712 995 989 783 651 935 317 152 664 432 73 150 183 748 944 296 845 139 436 735 328 570 488 543 540 918 102 650 507 611 226 862 592 598 850 538 123 856 813 921 756 146 822 872 666 649 621 465 459 603 947 562 893 769 474 628 433 210 901 112 667 15 42 411 948 688 335 579 130 544 260 29 703 539 375 315 416 646 725 580 787 690 564 869 530 405 

operations: 737 
372 617 58 831 35 345 109 336 921 712 319 749 653 833 113 235 579 474 998 747 165 316 499 577 424 84 954 203 14 115 944 157 305 439 604 563 785 419 120 594 374 196 700 119 674 843 308 650 776 247 160 527 756 680 707 526 284 262 379 755 431 556 757 370 229 532 495 726 654 925 320 271 460 134 146 725 656 481 901 194 574 704 691 451 741 497 400 125 107 593 692 902 236 842 476 231 343 743 254 151 

operations: 755 
154 903 509 651 322 647 758 722 952 889 568 196 873 564 529 35 762 279 974 613 537 446 101 872 0 808 555 364 624 805 973 319 702 495 799 444 281 847 781 112 783 941 373 890 386 368 30 516 925 177 109 965 742 931 180 607 567 372 415 585 775 544 671 20 114 851 612 289 886 943 422 853 696 284 468 535 362 498 879 645 504 197 318 917 405 363 734 409 374 905 469 631 863 824 989 326 902 245 919 213 

operations: 724 
20 428 839 853 827 335 677 899 806 960 942 393 970 619 383 411 909 143 300 746 782 299 574 498 412 584 933 254 288 190 638 790 874 456 630 562 481 13 269 949 914 751 21 995 532 579 97 505 621 272 987 992 416 710 357 387 546 996 296 194 944 427 688 394 334 725 466 220 528 916 227 637 382 89 648 597 906 959 878 998 147 250 727 656 547 332 645 704 555 431 671 723 402 188 567 989 881 828 841 855 

operations: 767 
712 522 361 841 194 360 538 803 23 781 86 684 114 384 293 798 519 145 191 251 308 850 380 816 221 258 351 879 490 236 861 507 921 125 144 442 838 553 747 72 675 473 546 856 533 342 201 471 356 393 358 108 677 873 385 100 622 166 43 562 569 339 568 115 840 600 806 515 779 122 919 316 901 967 735 466 892 209 602 447 579 979 27 476 795 690 512 767 968 523 687 322 932 410 164 791 750 157 186 601 

operations: 749 
325 49 195 951 60 27 665 600 744 281 620 70 823 343 783 909 527 549 261 90 682 192 50 535 603 348 623 259 123 731 966 622 55 91 500 383 298 664 609 735 841 502 808 714 403 125 727 245 914 742 896 647 706 247 702 354 899 897 988 182 883 364 163 983 546 458 149 473 143 944 986 336 550 368 224 718 316 230 569 780 441 832 362 957 901 378 173 112 74 776 137 995 199 509 791 639 636 273 395 753 

operations: 706 
162 556 988 418 380 602 715 94 681 212 102 800 640 273 673 328 993 825 282 951 581 24 782 201 895 399 110 424 654 350 124 318 469 711 903 113 449 513 912 216 621 329 86 390 121 410 67 740 623 409 237 890 603 196 728 677 571 83 752 46 279 705 604 595 902 485 842 881 489 630 529 649 720 408 799 745 168 576 106 148 910 398 751 897 119 263 44 748 823 712 302 494 214 197 854 322 344 697 166 535 

operations: 732 
227 281 536 908 217 612 209 166 885 39 909 673 163 252 643 895 606 396 692 367 119 408 299 939 148 185 344 269 328 579 436 938 155 0 124 918 194 366 940 947 113 839 320 126 358 190 346 88 782 699 762 812 556 25 263 668 844 420 91 748 752 876 494 21 336 323 407 650 567 303 115 500 439 265 501 902 926 893 797 983 448 662 874 282 878 142 547 327 158 497 936 105 934 986 819 361 410 635 453 720 

operations: 820 
424 242 588 65 553 551 84 447 138 262 794 846 359 886 282 845 83 983 912 961 69 229 336 576 129 70 87 596 373 894 560 460 941 66 497 699 21 772 120 995 221 40 527 126 236 216 954 484 592 15 355 426 525 10 438 990 418 830 649 33 801 857 368 598 716 151 388 89 217 476 22 843 410 781 502 389 542 507 152 989 703 247 312 285 530 760 201 205 571 765 775 32 207 188 141 685 354 758 170 123 

operations: 719 
330 402 64 105 294 978 841 125 829 273 60 493 346 989 192 534 909 237 386 494 568 729 158 762 886 747 183 198 947 519 360 635 39 853 547 612 895 569 308 707 329 881 575 776 160 97 279 416 253 320 982 733 934 965 769 161 157 479 627 43 220 287 234 604 131 784 616 343 897 281 179 239 822 993 301 70 564 786 743 838 734 872 175 681 408 246 96 401 419 336 102 55 694 410 210 453 899 392 592 196 

operations: 829 
729 991 670 543 713 361 694 518 132 926 264 46 980 823 27 471 262 625 96 50 98 915 674 933 777 174 439 418 842 738 920 454 563 216 588 589 854 84 498 678 579 840 183 919 742 525 367 304 951 558 735 348 971 457 526 553 92 366 856 187 104 14 448 561 497 572 406 500 397 28 452 82 683 701 456 954 81 293 331 129 328 123 817 821 653 306 773 745 387 210 450 728 433 568 547 330 533 135 989 277 

operations: 748 
592 986 109 959 394 587 118 855 215 358 413 951 560 329 32 589 101 703 454 700 601 735 971 588 995 85 840 312 595 921 631 57 772 641 498 192 22 656 673 28 870 281 996 567 648 49 737 800 633 924 495 901 247 376 629 226 865 877 944 810 338 222 869 278 654 381 449 801 837 456 585 480 780 779 127 371 297 245 185 689 275 451 211 505 732 675 478 20 795 934 776 189 368 607 773 531 684 605 525 952 

operations: 735 
58 967 4 952 130 884 257 750 681 901 136 39 631 654 22 787 358 352 785 323 616 33 949 331 448 401 975 670 385 506 86 18 204 994 396 470 995 410 502 711 53 518 841 185 282 849 938 201 796 786 516 472 993 542 633 398 384 968 851 974 844 869 156 860 943 411 287 947 854 26 232 665 496 945 719 925 620 66 192 754 456 446 163 449 151 736 179 963 565 644 816 638 373 152 641 285 123 193 180 760 

operations: 722 
677 772 725 407 86 429 718 483 67 691 870 544 319 556 771 612 416 271 727 217 806 757 979 497 799 142 422 227 573 735 656 259 247 554 917 564 694 380 839 708 400 753 325 264 684 115 572 244 546 791 606 562 170 652 748 168 801 597 106 980 709 454 659 345 154 186 262 964 961 95 647 131 640 337 504 344 780 769 635 255 773 613 958 650 461 163 164 377 128 355 849 581 78 225 306 819 235 317 181 592 

operations: 738 
200 384 554 667 970 869 644 430 635 911 421 134 784 669 424 301 378 907 429 13 298 116 917 76 393 234 773 350 923 100 104 903 563 210 558 562 565 237 735 502 450 679 550 883 94 49 797 512 987 113 61 539 675 32 490 173 176 707 949 892 872 548 632 107 129 619 438 18 254 916 732 352 259 495 846 655 238 698 812 344 285 274 253 318 340 428 186 946 295 360 567 355 885 984 324 533 575 168 634 478 

operations: 769 
417 270 789 614 749 976 109 704 917 22 170 341 880 821 590 405 893 610 896 812 225 762 707 806 248 332 603 557 483 747 944 290 805 46 802 238 461 604 619 706 784 825 427 42 514 748 734 556 936 409 711 146 712 597 82 950 423 643 287 363 595 563 787 818 184 696 460 359 599 940 836 485 764 277 318 524 534 558 362 659 343 239 52 540 268 651 721 938 881 592 889 979 54 596 412 72 214 662 265 904 

operations: 716 
224 993 818 744 932 637 538 577 403 379 680 916 935 242 663 652 372 584 641 610 101 832 78 127 526 120 363 587 581 360 910 192 271 629 956 296 543 802 58 205 258 942 516 232 764 291 275 55 480 833 194 357 352 984 419 321 440 630 51 991 559 190 202 757 449 699 110 819 653 702 252 579 695 421 608 487 880 507 760 545 186 178 565 662 312 337 105 316 399 716 547 710 98 590 996 810 843 220 314 412 

operations: 722 
737 585 342 951 572 523 53 668 692 132 857 156 341 198 362 917 625 448 128 982 605 389 690 864 22 122 698 600 841 758 654 350 368 887 816 354 586 958 308 863 468 767 924 503 225 91 169 699 452 815 799 112 906 591 642 160 927 889 993 509 395 234 648 31 309 109 545 636 111 152 424 501 278 912 29 836 332 539 269 713 379 475 471 166 307 811 207 44 303 215 273 108 948 931 592 977 979 405 696 465 

operations: 724 
227 636 243 761 822 751 879 604 506 268 619 737 774 371 784 526 986 804 212 232 919 334 378 60 495 897 509 281 332 545 389 508 375 715 120 740 799 341 901 30 571 35 712 991 533 933 696 10 913 766 594 675 408 363 800 770 514 493 971 226 615 870 786 600 917 240 759 653 476 174 229 778 172 960 680 592 851 645 776 271 877 42 779 397 639 118 305 167 773 221 937 955 934 914 426 204 324 350 641 362 

operations: 835 
24 489 591 891 221 47 443 83 172 192 718 396 944 137 153 855 569 737 178 301 694 295 820 363 169 520 225 349 273 535 482 407 879 841 793 651 391 954 607 575 338 679 292 707 145 101 512 15 411 858 787 84 945 381 461 306 999 596 467 573 652 884 876 920 372 478 815 988 940 190 919 752 269 691 843 923 370 769 965 113 847 813 816 523 288 921 571 450 911 408 913 693 690 516 487 976 872 392 958 622 

operations: 722 
978 333 580 61 761 150 568 132 483 836 241 747 117 561 623 439 711 456 64 681 349 417 789 410 97 558 250 932 643 610 124 120 432 573 891 724 640 337 105 998 707 134 648 421 738 849 181 288 778 818 475 107 736 765 883 363 519 175 161 14 460 412 780 441 465 371 553 135 521 218 380 428 169 190 487 996 984 877 785 923 777 872 313 481 184 485 156 435 535 178 617 335 400 482 926 657 987 668 943 670 

operations: 763 
557 120 993 861 720 478 914 207 208 60 155 83 943 175 979 380 134 24 540 582 242 906 310 513 332 416 436 447 512 338 162 350 72 584 329 923 330 368 562 431 248 475 872 303 915 328 912 295 151 363 161 852 488 677 625 869 274 137 773 220 502 385 415 386 519 147 252 291 504 818 188 217 202 395 258 961 347 378 117 655 831 571 345 932 373 784 159 921 736 267 992 605 233 646 247 566 763 707 841 261 

operations: 823 
575 751 260 630 187 62 928 25 802 285 58 72 67 257 517 82 716 576 777 749 754 950 570 354 258 875 992 171 31 721 538 316 633 487 329 388 890 143 582 99 209 55 35 657 594 26 978 714 403 756 848 467 159 559 279 355 560 233 303 919 505 810 411 133 785 823 587 382 601 264 524 782 573 996 393 523 37 238 193 418 327 923 527 416 186 103 843 586 481 61 708 564 862 852 595 818 109 227 184 914 

operations: 759 
896 377 432 127 419 942 467 441 923 912 800 500 903 920 210 507 964 371 161 750 557 353 448 564 684 248 434 951 162 853 260 907 528 79 808 652 934 465 291 977 819 724 642 983 897 589 344 382 132 246 224 846 11 978 719 681 421 293 72 518 328 930 468 979 718 921 730 288 563 525 363 646 497 257 945 751 123 147 851 451 725 307 313 230 541 965 450 995 492 215 899 677 908 792 454 189 367 295 338 871 

operations: 759 
385 61 662 617 247 496 217 161 746 113 720 467 301 698 207 320 709 327 882 4 505 256 830 872 94 133 84 129 914 907 352 340 523 351 166 607 905 343 592 975 93 622 205 224 180 409 565 614 596 767 560 63 190 954 791 598 154 576 553 386 293 248 881 366 965 378 855 519 228 322 654 717 986 447 331 225 658 656 539 800 828 321 813 582 683 182 290 242 944 987 142 243 981 983 815 306 308 618 349 411 

operations: 926 
775 988 964 355 15 441 13 704 846 738 492 614 957 381 296 276 110 320 649 807 374 416 810 52 397 87 859 11 800 105 135 651 25 953 812 590 982 142 820 168 676 777 543 388 48 454 114 346 889 622 757 119 279 225 580 867 24 708 916 354 510 764 78 314 62 581 906 215 999 742 342 732 429 801 493 125 811 627 943 847 470 121 330 728 966 466 911 656 18 763 680 490 439 324 872 825 870 203 317 981 

operations: 776 
662 688 855 369 562 931 443 495 61 202 274 777 15 554 767 140 726 47 843 701 867 532 337 912 761 610 185 501 902 736 681 310 118 421 469 796 834 914 489 385 117 183 56 281 277 119 455 409 522 302 941 976 685 965 484 925 324 194 301 511 103 569 470 977 619 849 221 329 214 751 782 306 125 669 905 427 75 259 394 831 829 377 111 215 785 585 885 666 605 744 890 756 587 718 375 838 790 926 950 86 

operations: 806 
762 663 842 573 302 578 808 369 40 523 52 111 921 386 829 735 167 344 458 51 225 311 240 677 945 992 420 524 218 850 437 824 844 452 943 619 886 57 526 428 701 341 364 529 317 494 215 987 865 522 882 407 490 462 79 843 568 958 464 866 577 954 979 710 139 640 664 459 832 993 792 388 485 228 362 802 862 137 500 627 775 502 784 567 753 381 968 108 721 647 926 402 672 219 848 95 852 801 181 545 

operations: 775 
589 910 618 550 145 693 891 985 884 997 117 912 288 655 204 575 476 135 195 768 70 403 558 383 128 532 449 94 835 519 624 758 222 818 435 776 437 703 831 66 802 293 357 500 130 352 223 682 73 906 414 603 483 257 539 565 952 749 171 359 194 268 991 647 525 977 27 96 20 443 641 328 276 673 120 122 874 859 72 252 659 410 909 358 638 814 115 311 456 132 137 396 162 232 793 464 592 185 662 275 

operations: 746 
418 152 80 807 221 229 763 237 345 667 613 283 624 84 103 591 69 748 950 965 726 473 211 503 865 922 627 174 36 576 836 944 408 397 881 552 610 993 954 141 921 885 541 177 788 805 118 721 424 701 432 430 96 860 598 239 346 843 856 955 116 215 687 602 746 583 35 573 973 711 700 79 753 275 132 794 600 353 837 984 838 187 391 478 385 147 386 666 149 497 581 720 773 327 374 981 777 643 105 176 

operations: 730 
766 608 707 433 287 791 560 543 594 104 711 724 473 88 365 757 731 763 664 188 866 382 900 233 528 636 19 78 403 251 223 298 379 530 544 644 13 505 976 571 161 524 439 290 979 951 267 72 987 216 335 308 928 376 716 764 659 828 496 242 74 492 677 597 558 309 663 159 756 593 817 357 150 299 981 889 521 985 338 116 629 881 627 277 965 998 25 86 248 882 472 317 270 844 619 631 250 736 983 897 

operations: 738 
449 743 959 789 969 516 628 748 436 177 243 382 404 216 108 691 452 88 311 153 378 540 138 328 473 202 641 447 944 719 441 629 860 802 666 111 158 231 144 828 477 864 114 963 675 79 245 156 919 851 579 625 232 67 403 332 143 92 526 920 962 522 640 895 273 815 218 23 42 230 931 772 128 661 607 133 293 312 581 498 65 267 195 567 194 503 523 146 474 296 638 946 874 119 717 226 999 316 352 665 

operations: 776 
639 314 234 44 174 907 217 104 716 60 47 819 214 551 494 944 751 388 765 569 969 620 304 609 758 653 158 426 450 331 784 187 625 249 135 370 920 367 615 153 32 489 613 640 618 463 298 590 547 727 918 971 117 915 940 986 225 505 312 648 211 438 307 206 105 856 216 207 588 299 374 190 862 193 233 310 860 167 515 802 605 553 799 247 111 415 347 456 624 744 452 748 267 712 461 672 338 747 809 103 

operations: 733 
901 399 511 172 244 250 356 255 812 272 412 471 710 978 629 855 105 682 288 327 631 459 464 639 550 207 829 716 845 621 888 494 503 821 913 415 665 873 38 860 926 34 403 165 181 69 864 628 654 746 24 119 472 22 166 712 706 151 908 816 512 615 413 700 444 247 835 897 705 802 849 513 708 717 640 435 917 358 577 915 856 534 455 652 195 168 80 659 595 517 492 936 163 563 283 420 424 892 571 401 

operations: 873 
619 492 361 240 943 88 353 31 578 692 989 838 170 969 576 184 577 695 548 915 882 686 983 996 541 298 803 339 74 721 511 123 978 27 126 967 408 75 634 807 443 72 128 13 823 633 711 966 782 743 336 384 303 281 888 878 405 810 504 550 114 494 131 447 426 847 913 994 326 611 97 236 420 342 193 32 540 502 79 432 333 213 610 151 397 348 146 944 836 776 499 665 356 793 215 279 940 272 860 727 

operations: 783 
592 851 905 667 756 585 794 512 809 776 666 829 291 910 147 866 62 22 382 847 466 246 646 344 544 335 966 606 48 625 366 234 514 13 93 281 522 579 45 617 642 143 999 962 526 102 187 921 470 227 225 972 612 818 589 375 946 498 248 871 934 407 95 815 199 555 132 757 596 103 443 861 468 832 693 661 249 532 352 282 124 289 789 676 671 645 993 938 725 327 241 533 259 243 817 850 843 557 479 660 

operations: 710 
988 714 664 833 11 300 44 818 338 271 460 287 837 130 609 870 832 742 783 626 636 673 677 869 715 498 160 821 739 181 91 463 679 253 260 240 466 682 528 811 281 671 921 341 250 680 362 471 175 226 506 776 770 111 392 599 661 763 382 732 781 195 165 407 979 641 795 405 627 479 525 853 55 727 310 136 212 601 20 530 675 944 572 109 808 725 113 468 607 737 424 201 394 481 299 803 261 756 932 845 

operations: 760 
389 865 805 528 217 563 238 684 711 296 183 300 155 166 263 867 668 913 768 277 462 679 297 319 372 364 737 838 871 270 243 76 707 59 171 570 610 649 160 74 734 632 936 718 353 156 143 964 682 496 490 856 799 85 558 256 553 182 318 41 145 285 269 391 541 722 209 576 347 402 780 434 979 345 773 839 872 315 589 801 549 669 917 313 826 686 495 30 978 772 791 950 440 887 532 628 925 489 154 672 

operations: 740 
52 527 844 150 542 536 434 958 603 432 121 89 237 819 40 583 858 238 909 302 509 846 464 659 232 474 280 782 951 889 776 410 222 843 816 824 314 546 647 491 672 989 761 319 949 863 198 802 593 737 472 757 595 877 707 547 473 113 306 581 407 869 571 535 907 727 685 660 961 453 122 205 908 403 873 251 494 425 754 967 579 588 725 597 264 102 696 834 948 589 368 107 358 769 385 504 570 868 129 891 

operations: 760 
32 565 90 616 855 740 960 798 729 69 191 633 107 648 132 331 13 943 374 168 568 364 619 303 370 486 779 561 640 671 159 296 742 400 669 75 837 24 589 123 344 865 485 959 118 226 81 67 941 820 976 575 384 606 163 215 151 328 256 929 747 311 629 411 822 677 480 693 804 962 689 828 651 126 125 34 369 234 102 424 351 863 376 704 825 260 893 213 36 556 788 95 910 533 516 52 660 685 482 631 

operations: 782 
194 624 480 180 891 150 696 573 29 470 908 406 277 731 27 250 866 625 298 945 594 782 361 152 191 40 960 183 727 770 293 280 391 246 511 901 749 802 472 622 599 979 37 781 375 346 821 378 211 632 318 723 762 783 697 926 533 927 623 801 948 997 226 934 437 424 753 593 649 758 791 162 580 969 271 174 457 605 772 368 172 944 819 875 894 177 603 458 426 373 613 620 846 90 206 774 515 699 452 242 

operations: 739 
866 188 435 803 146 550 600 381 807 577 775 95 585 700 564 750 90 990 155 840 117 730 593 909 119 828 255 486 647 735 769 434 605 473 995 116 275 413 854 343 709 599 189 421 242 125 187 297 937 522 472 643 474 568 397 362 519 635 715 504 614 763 227 414 554 604 204 778 65 696 930 759 248 923 838 762 319 298 233 153 61 802 868 335 31 729 960 345 329 884 463 703 265 457 179 966 792 601 567 113 

operations: 760 
28 836 757 743 860 975 102 99 316 411 271 373 449 200 990 677 436 372 747 604 360 359 141 315 91 110 792 685 930 454 729 666 902 528 770 343 566 391 734 687 301 710 272 242 274 174 826 56 184 185 957 86 585 377 976 938 763 785 644 386 198 362 669 166 596 390 909 671 361 837 80 739 452 425 732 298 682 723 617 888 542 495 471 760 450 151 117 595 745 475 248 816 692 978 161 727 328 225 500 270 

operations: 784 
507 621 906 375 284 475 587 350 359 182 776 504 646 693 590 669 393 201 125 662 824 881 300 957 617 988 334 399 793 569 274 907 115 174 639 904 978 729 191 724 83 427 28 405 878 797 542 147 335 817 391 492 230 433 18 921 258 254 972 853 464 341 49 470 581 964 503 751 771 958 886 923 707 668 544 184 607 505 790 867 138 713 204 683 282 539 452 114 175 808 381 222 154 738 966 908 928 176 403 862 

operations: 804 
18 783 944 494 759 464 575 841 728 331 659 805 538 420 307 341 893 480 666 691 414 345 461 257 386 412 387 543 457 439 724 662 147 634 65 730 737 694 49 927 208 99 289 152 640 502 698 904 523 582 964 249 624 183 114 297 898 372 960 329 374 974 359 971 509 125 902 473 131 953 866 681 135 853 573 660 594 583 745 356 537 712 568 180 77 384 432 268 689 441 641 462 599 283 230 518 722 121 813 798 

operations: 715 
127 94 880 179 517 412 894 709 816 913 96 300 134 568 940 403 874 602 855 211 413 956 877 701 827 118 43 730 383 175 699 573 993 580 511 867 648 207 448 879 690 88 748 399 86 306 292 555 172 697 802 623 774 732 296 677 52 890 938 363 743 423 952 930 202 614 984 389 689 519 373 57 897 147 901 507 865 590 833 366 922 170 232 329 851 353 351 138 283 525 314 155 856 628 673 255 200 932 305 210 

operations: 743 
356 7 912 106 970 746 223 271 579 485 563 798 983 327 443 50 289 460 135 413 954 470 804 754 110 148 290 66 265 541 521 632 336 523 191 397 759 39 284 114 310 280 282 890 539 272 475 884 818 69 752 700 292 161 472 699 168 707 353 386 658 360 928 858 364 851 309 422 761 218 395 437 55 865 590 946 796 286 605 192 367 332 973 744 723 698 630 728 267 105 499 296 496 959 662 676 663 625 600 268 

operations: 754 
341 837 864 328 606 433 191 171 983 464 839 245 452 899 502 785 771 268 18 521 762 373 647 699 790 604 320 744 619 382 184 666 209 523 302 155 796 736 933 403 352 859 531 200 591 685 299 749 165 846 127 447 148 739 449 202 387 932 566 419 888 969 716 358 876 872 711 654 451 494 434 688 935 831 252 306 318 748 581 301 670 929 869 238 487 285 518 206 279 904 684 172 678 776 845 735 138 832 651 321 

operations: 753 
584 350 457 513 628 451 184 432 59 906 96 866 252 964 596 490 826 983 560 666 731 118 698 930 238 138 440 156 270 689 186 524 132 418 375 335 723 791 712 928 962 263 169 16 616 397 502 232 39 123 393 394 683 733 461 491 105 347 669 797 174 949 117 152 271 895 509 239 816 589 636 80 952 283 572 936 404 290 601 539 718 925 292 185 608 828 277 407 371 883 610 165 658 667 265 81 714 391 555 849 

operations: 751 
861 582 999 391 808 775 793 981 219 539 443 998 629 260 478 74 660 956 657 438 44 10 804 16 547 427 693 262 377 892 810 167 279 317 592 560 792 266 607 195 157 916 26 695 392 513 725 269 180 548 786 535 577 954 554 52 315 595 380 589 701 439 267 528 295 285 118 310 687 386 337 501 878 559 862 463 642 527 127 49 309 125 974 984 250 186 972 114 126 432 890 23 290 441 887 108 289 680 465 216 

operations: 810 
136 412 59 600 823 773 254 523 170 15 564 734 680 531 76 171 226 48 961 984 554 221 503 568 65 253 111 969 578 569 619 975 784 488 357 207 271 742 119 780 377 649 150 366 877 428 772 890 491 172 184 124 382 343 819 939 62 640 391 508 972 669 478 628 204 112 617 216 52 347 858 802 63 131 486 220 908 332 778 678 667 361 752 85 756 239 224 994 880 952 593 205 342 422 787 451 427 634 527 665 

operations: 778 
873 995 597 62 186 317 192 621 473 720 453 656 251 438 999 889 666 931 765 469 510 338 681 705 335 85 46 464 74 142 175 847 455 529 271 262 671 37 948 631 758 774 507 724 220 564 618 738 363 49 832 104 821 405 333 713 218 632 740 715 407 644 161 553 300 706 721 556 890 733 475 973 831 216 147 493 679 707 448 881 950 209 248 102 998 525 159 809 197 991 633 347 41 113 128 965 731 141 88 189 

operations: 726 
296 969 964 73 648 214 107 639 765 2 372 885 412 195 455 690 93 124 689 367 919 664 328 937 301 629 852 251 180 133 414 862 116 307 917 303 402 797 365 582 894 115 430 605 872 887 880 469 891 581 418 620 163 646 281 565 42 621 877 160 607 914 535 419 654 360 23 265 653 208 563 249 837 568 105 810 278 779 273 243 433 899 923 276 218 461 719 420 824 572 230 521 121 147 387 114 531 902 737 193 

operations: 763 
283 473 524 548 762 393 956 372 543 935 847 228 423 472 742 957 822 341 84 197 958 427 842 279 424 177 511 374 795 964 533 951 434 12 904 793 407 528 420 235 385 252 107 208 270 925 713 453 321 884 877 204 448 249 342 531 521 542 506 309 866 398 103 518 902 621 816 302 285 482 624 880 115 646 882 355 480 415 438 347 876 666 202 395 865 602 458 699 680 465 317 418 185 836 333 926 705 432 251 152 

operations: 816 
280 177 566 382 12 522 411 431 457 465 733 880 951 413 167 281 276 360 539 839 56 494 636 874 14 126 601 152 372 141 400 746 221 103 484 231 902 717 356 30 344 241 969 480 250 904 488 328 894 114 677 305 258 929 759 291 450 920 136 213 724 300 318 180 868 535 966 734 47 881 559 403 169 333 812 473 581 188 340 624 324 358 247 548 694 519 893 389 994 98 854 659 579 345 290 600 952 739 534 426 

operations: 701 
814 831 817 850 723 49 254 794 199 637 22 851 728 263 722 741 603 195 161 247 840 565 148 470 839 436 750 549 946 745 702 853 740 127 883 126 952 251 537 915 736 646 661 575 856 355 267 548 880 730 771 424 218 869 754 152 315 68 265 141 82 488 104 920 474 330 481 878 279 545 788 508 601 333 838 618 388 271 264 599 476 928 841 735 834 376 762 181 77 384 767 774 360 849 331 484 443 531 672 371 

operations: 764 
577 946 358 827 343 924 955 925 2 615 400 880 586 719 510 13 505 616 740 902 805 950 14 155 787 589 780 76 373 556 360 717 57 634 213 842 390 791 629 554 864 247 321 734 905 764 176 288 851 472 907 923 144 696 367 673 756 745 818 457 570 768 309 350 181 123 208 687 139 821 239 523 893 160 120 966 979 680 663 917 981 976 785 502 503 463 338 582 904 203 183 332 232 953 591 382 404 739 644 875 

operations: 745 
792 768 555 506 501 630 683 926 720 970 942 175 521 470 455 701 212 673 604 479 680 893 803 906 121 277 758 99 549 939 566 419 649 866 857 745 184 732 200 986 954 614 493 216 245 402 48 318 656 234 974 736 482 59 547 317 712 543 239 504 471 818 60 133 173 126 297 773 354 711 27 880 596 900 207 795 258 338 89 333 262 389 762 222 853 871 544 747 718 223 703 480 670 540 256 219 299 136 477 912 

operations: 856 
46 55 177 588 990 980 352 127 383 181 809 396 223 694 751 219 597 703 863 631 762 449 132 309 373 251 375 830 844 558 372 593 614 907 480 455 359 361 282 394 294 421 571 24 15 209 933 268 151 840 951 516 206 953 776 168 314 559 369 849 568 347 685 969 672 870 330 318 937 606 649 884 594 371 871 874 992 442 288 553 277 173 798 626 550 657 942 748 769 811 403 108 257 697 498 974 872 144 827 339 

operations: 736 
655 676 810 126 265 44 334 289 285 400 35 531 566 497 753 333 410 168 196 46 914 766 673 165 622 599 832 228 669 461 417 271 149 385 763 116 281 510 817 560 627 462 686 908 591 287 752 360 583 242 496 25 886 527 148 769 713 56 749 313 848 825 834 195 232 653 416 561 771 29 167 108 707 589 861 392 872 105 294 837 652 145 761 803 371 632 327 974 181 266 111 892 958 836 314 650 986 176 915 348 

operations: 742 
704 268 160 58 398 644 945 645 274 21 313 927 607 437 349 920 974 826 812 543 143 822 270 81 619 687 36 954 162 320 483 237 154 328 135 620 648 794 164 333 660 939 630 805 708 634 519 206 587 956 685 650 727 979 829 114 342 847 397 264 289 411 899 366 343 230 902 468 403 93 453 375 595 596 641 350 168 750 258 931 787 966 218 167 281 969 90 887 330 512 960 745 177 469 298 683 284 566 240 873 

operations: 787 
332 963 821 911 366 100 367 143 758 596 877 377 825 929 761 615 688 187 820 124 964 685 319 230 990 359 626 336 554 582 130 651 464 109 713 695 444 813 403 570 532 46 620 225 128 556 818 653 220 288 164 158 330 952 502 42 677 312 68 416 306 584 962 819 660 387 701 771 605 198 709 938 736 973 592 433 121 322 770 703 950 407 193 362 807 928 460 814 763 521 712 151 951 577 739 544 744 226 805 337 

operations: 737 
828 807 153 229 143 348 134 199 119 517 192 826 436 396 60 507 98 423 862 207 434 479 731 252 460 712 926 264 653 593 722 588 496 931 579 998 77 330 61 673 956 917 346 966 109 301 350 659 719 791 174 861 553 561 613 879 685 805 932 835 155 909 820 622 528 681 763 272 671 105 648 638 772 780 473 210 894 363 684 450 168 504 318 224 533 792 368 353 78 576 942 521 536 907 921 785 623 215 125 796 

operations: 757 
731 671 676 918 367 871 70 270 975 493 840 849 959 144 95 420 927 725 617 477 727 825 628 604 266 877 34 950 356 810 816 370 870 352 550 665 903 376 788 308 648 868 644 475 906 813 139 261 173 653 195 960 497 710 613 449 974 610 880 133 999 263 994 932 809 217 830 934 964 812 957 91 579 505 822 29 654 972 254 163 590 879 968 314 465 530 639 488 158 272 226 691 231 760 982 322 831 860 666 459 

operations: 708 
613 660 249 566 223 229 138 713 155 823 729 862 947 14 252 974 84 955 177 286 128 314 417 27 256 91 897 126 380 868 260 925 178 41 451 624 559 529 39 350 569 400 276 459 88 163 397 498 368 935 127 113 488 752 952 338 103 946 732 580 10 858 450 546 458 146 293 670 788 583 690 739 966 369 904 782 147 987 824 801 748 796 548 964 631 619 588 92 772 672 830 258 822 513 375 490 871 960 337 647 

operations: 752 
835 905 629 23 993 433 287 788 853 968 128 222 969 479 1 125 652 588 485 889 617 661 880 16 688 304 955 589 261 695 673 105 422 146 325 50 213 842 825 316 342 393 646 376 75 845 156 322 484 812 976 543 587 539 815 377 130 424 549 447 82 264 615 804 20 890 545 341 869 983 537 405 920 832 884 533 541 844 269 724 526 919 758 394 368 979 431 910 334 961 971 702 313 457 523 626 586 738 611 389 

operations: 809 
549 805 70 668 648 93 295 271 2 734 848 101 357 136 768 769 174 147 188 776 545 263 564 979 659 468 695 248 811 689 693 344 307 607 504 267 54 37 509 115 841 656 87 778 161 220 522 878 804 744 223 305 581 900 155 555 589 487 803 371 594 202 262 415 956 183 334 947 877 105 929 882 912 537 120 845 40 736 590 103 160 315 527 885 719 925 823 80 72 906 791 917 171 190 398 966 411 285 356 710 

operations: 764 
678 739 344 611 606 196 379 771 206 754 574 951 22 25 330 960 910 108 929 132 340 428 848 558 395 537 97 998 788 770 516 192 281 903 698 293 289 688 997 816 995 84 630 572 927 712 592 213 396 827 915 983 709 566 357 423 704 860 148 733 482 261 713 257 417 999 173 172 343 404 433 976 884 750 454 948 123 49 515 394 475 215 107 495 962 580 313 697 981 885 831 242 996 375 666 797 863 498 381 490 

operations: 713 
756 600 441 645 712 676 83 542 134 173 132 629 909 103 149 231 214 314 376 769 519 541 612 717 921 913 366 239 317 622 520 508 746 835 658 840 162 803 497 189 934 725 936 964 474 256 543 894 879 327 358 932 944 204 659 388 84 649 342 661 304 754 288 429 926 810 555 594 220 449 337 636 509 606 249 233 994 834 105 246 216 313 579 122 947 607 572 830 895 295 68 235 493 877 539 575 163 547 225 448 

operations: 743 
108 118 982 411 23 774 61 606 968 892 443 686 849 569 716 95 358 114 96 607 587 93 535 250 254 923 730 747 572 123 197 287 588 370 929 845 932 133 641 864 954 325 158 375 288 861 139 802 136 953 424 558 508 500 366 420 708 517 225 642 736 599 81 978 338 138 766 539 274 902 273 204 180 931 675 476 728 130 600 309 674 616 809 560 491 678 459 586 399 15 223 541 577 612 945 271 497 203 817 279 

operations: 751 
41 703 667 21 768 741 863 830 141 743 195 970 947 798 856 884 250 438 458 895 449 191 144 409 384 127 709 813 613 100 451 540 664 186 39 131 525 422 181 846 339 204 226 106 571 472 54 142 752 82 614 651 176 355 784 292 809 216 635 102 230 386 993 299 61 452 190 421 34 330 767 209 115 375 263 342 459 587 155 719 510 930 469 243 653 445 29 192 96 103 234 618 634 419 170 978 848 682 527 778 

operations: 768 
22 993 91 19 128 240 749 801 229 513 596 510 896 394 776 456 506 371 672 978 431 590 483 683 623 977 959 80 321 597 995 402 199 212 653 668 861 155 166 303 618 579 855 280 860 670 937 706 878 364 219 882 950 604 145 546 253 816 332 389 964 405 547 939 349 152 905 595 687 560 994 898 826 209 658 396 515 284 887 501 220 626 933 817 450 837 228 373 401 844 790 848 428 913 182 718 600 265 86 380 

operations: 825 
326 506 685 371 785 91 929 257 695 243 25 830 435 156 872 987 836 806 98 381 963 931 118 735 262 860 294 800 466 917 499 45 387 857 615 231 68 144 906 811 334 992 798 565 268 223 121 749 642 950 10 483 964 470 861 249 253 529 319 383 281 248 935 491 242 760 618 865 77 444 885 522 503 443 843 166 826 314 666 951 979 37 869 971 73 678 734 273 776 585 416 747 858 640 115 396 997 490 220 676 

operations: 705 
688 175 373 335 628 116 641 81 666 694 670 772 925 981 698 168 65 627 474 463 586 387 513 591 704 390 50 203 214 643 645 274 344 367 969 393 53 791 920 436 419 619 577 845 538 246 535 511 562 824 201 726 856 885 554 637 621 636 389 676 177 547 420 854 60 352 727 121 616 800 706 843 332 974 617 378 779 735 782 668 900 207 549 242 148 913 321 947 945 794 371 498 442 775 786 448 583 819 392 369 

